981
0.9799900004472584 0.9799900004472584 0 0 0.01 1 130 0 5
0.9599800008945167 0.9799900004472584 0 0 0.01 1 130 0 10
0.9399700013417751 0.9799900004472584 0 0 0.01 1 130 0 15
0.9199600017890335 0.9799900004472584 0 0 0.01 1 130 0 20
0.8999500022362917 0.9799900004472584 0 0 0.01 1 130 0 25
0.8799400026835501 0.9799900004472584 0 0 0.01 1 130 0 30
0.8599300031308085 0.9799900004472584 0 0 0.01 1 130 0 35
0.8399200035780668 0.9799900004472584 0 0 0.01 1 130 0 40
0.8199100040253252 0.9799900004472584 0 0 0.01 1 130 0 45
0.7999000044725836 0.9799900004472584 0 0 0.01 1 130 0 50
0.7798900049198418 0.9799900004472584 0 0 0.01 1 130 0 55
0.7598800053671002 0.9799900004472584 0 0 0.01 1 130 0 60
0.7398700058143586 0.9799900004472584 0 0 0.01 1 130 0 65
0.719860006261617 0.9799900004472584 0 0 0.01 1 130 0 70
0.6998500067088753 0.9799900004472584 0 0 0.01 1 130 0 75
0.6798400071561337 0.9799900004472584 0 0 0.01 1 130 0 80
0.659830007603392 0.9799900004472584 0 0 0.01 1 130 0 85
0.6398200080506504 0.9799900004472584 0 0 0.01 1 130 0 90
0.6198100084979088 0.9799900004472584 0 0 0.01 1 130 0 95
0.5998000089451672 0.9799900004472584 0 0 0.01 1 130 0 100
0.5797900093924255 0.9799900004472584 0 0 0.01 1 130 0 105
0.5597800098396838 0.9799900004472584 0 0 0.01 1 130 0 110
0.5397700102869422 0.9799900004472584 0 0 0.01 1 130 0 115
0.5197600107342005 0.9799900004472584 0 0 0.01 1 130 0 120
0.4997500111814589 0.9799900004472584 0 0 0.01 1 130 0 125
0.47974001162871727 0.9799900004472584 0 0 0.01 1 130 0 130
0.45973001207597564 0.9799900004472584 0 0 0.01 1 130 0 135
0.4397200125232339 0.9799900004472584 0 0 0.01 1 130 0 140
0.41971001297049226 0.9799900004472584 0 0 0.01 1 130 0 145
0.39970001341775063 0.9799900004472584 0 0 0.01 1 130 0 150
0.379690013865009 0.9799900004472584 0 0 0.01 1 130 0 155
0.35968001431226737 0.9799900004472584 0 0 0.01 1 130 0 160
0.33967001475952574 0.9799900004472584 0 0 0.01 1 130 0 165
0.3196600152067841 0.9799900004472584 0 0 0.01 1 130 0 170
0.2996500156540425 0.9799900004472584 0 0 0.01 1 130 0 175
0.27964001610130085 0.9799900004472584 0 0 0.01 1 130 0 180
0.2596300165485591 0.9799900004472584 0 0 0.01 1 130 0 185
0.23962001699581748 0.9799900004472584 0 0 0.01 1 130 0 190
0.21961001744307584 0.9799900004472584 0 0 0.01 1 130 0 195
0.1996000178903342 0.9799900004472584 0 0 0.01 1 130 0 200
0.17959001833759258 0.9799900004472584 0 0 0.01 1 130 0 205
0.15958001878485095 0.9799900004472584 0 0 0.01 1 130 0 210
0.13957001923210932 0.9799900004472584 0 0 0.01 1 130 0 215
0.11956001967936758 0.9799900004472584 0 0 0.01 1 130 0 220
0.09955002012662595 0.9799900004472584 0 0 0.01 1 130 0 225
0.07954002057388432 0.9799900004472584 0 0 0.01 1 130 0 230
0.05953002102114269 0.9799900004472584 0 0 0.01 1 130 0 235
0.039520021468401056 0.9799900004472584 0 0 0.01 1 130 0 240
0.019510021915659426 0.9799900004472584 0 0 0.01 1 130 0 245
0.9799900004472584 0.9599800008945167 0 0 0.01 1 130 0 5
0.9599800008945167 0.9599800008945167 0 0 0.01 1 130 0 10
0.9399700013417751 0.9599800008945167 0 0 0.01 1 130 0 15
0.9199600017890335 0.9599800008945167 0 0 0.01 1 130 0 20
0.8999500022362917 0.9599800008945167 0 0 0.01 1 130 0 25
0.8799400026835501 0.9599800008945167 0 0 0.01 1 130 0 30
0.8599300031308085 0.9599800008945167 0 0 0.01 1 130 0 35
0.8399200035780668 0.9599800008945167 0 0 0.01 1 130 0 40
0.8199100040253252 0.9599800008945167 0 0 0.01 1 130 0 45
0.7999000044725836 0.9599800008945167 0 0 0.01 1 130 0 50
0.7798900049198418 0.9599800008945167 0 0 0.01 1 130 0 55
0.7598800053671002 0.9599800008945167 0 0 0.01 1 130 0 60
0.7398700058143586 0.9599800008945167 0 0 0.01 1 130 0 65
0.719860006261617 0.9599800008945167 0 0 0.01 1 130 0 70
0.6998500067088753 0.9599800008945167 0 0 0.01 1 130 0 75
0.6798400071561337 0.9599800008945167 0 0 0.01 1 130 0 80
0.659830007603392 0.9599800008945167 0 0 0.01 1 130 0 85
0.6398200080506504 0.9599800008945167 0 0 0.01 1 130 0 90
0.6198100084979088 0.9599800008945167 0 0 0.01 1 130 0 95
0.5998000089451672 0.9599800008945167 0 0 0.01 1 130 0 100
0.5797900093924255 0.9599800008945167 0 0 0.01 1 130 0 105
0.5597800098396838 0.9599800008945167 0 0 0.01 1 130 0 110
0.5397700102869422 0.9599800008945167 0 0 0.01 1 130 0 115
0.5197600107342005 0.9599800008945167 0 0 0.01 1 130 0 120
0.4997500111814589 0.9599800008945167 0 0 0.01 1 130 0 125
0.47974001162871727 0.9599800008945167 0 0 0.01 1 130 0 130
0.45973001207597564 0.9599800008945167 0 0 0.01 1 130 0 135
0.4397200125232339 0.9599800008945167 0 0 0.01 1 130 0 140
0.41971001297049226 0.9599800008945167 0 0 0.01 1 130 0 145
0.39970001341775063 0.9599800008945167 0 0 0.01 1 130 0 150
0.379690013865009 0.9599800008945167 0 0 0.01 1 130 0 155
0.35968001431226737 0.9599800008945167 0 0 0.01 1 130 0 160
0.33967001475952574 0.9599800008945167 0 0 0.01 1 130 0 165
0.3196600152067841 0.9599800008945167 0 0 0.01 1 130 0 170
0.2996500156540425 0.9599800008945167 0 0 0.01 1 130 0 175
0.27964001610130085 0.9599800008945167 0 0 0.01 1 130 0 180
0.2596300165485591 0.9599800008945167 0 0 0.01 1 130 0 185
0.23962001699581748 0.9599800008945167 0 0 0.01 1 130 0 190
0.21961001744307584 0.9599800008945167 0 0 0.01 1 130 0 195
0.1996000178903342 0.9599800008945167 0 0 0.01 1 130 0 200
0.17959001833759258 0.9599800008945167 0 0 0.01 1 130 0 205
0.15958001878485095 0.9599800008945167 0 0 0.01 1 130 0 210
0.13957001923210932 0.9599800008945167 0 0 0.01 1 130 0 215
0.11956001967936758 0.9599800008945167 0 0 0.01 1 130 0 220
0.09955002012662595 0.9599800008945167 0 0 0.01 1 130 0 225
0.07954002057388432 0.9599800008945167 0 0 0.01 1 130 0 230
0.05953002102114269 0.9599800008945167 0 0 0.01 1 130 0 235
0.039520021468401056 0.9599800008945167 0 0 0.01 1 130 0 240
0.019510021915659426 0.9599800008945167 0 0 0.01 1 130 0 245
0.9799900004472584 0.9399700013417751 0 0 0.01 1 130 0 5
0.9599800008945167 0.9399700013417751 0 0 0.01 1 130 0 10
0.9399700013417751 0.9399700013417751 0 0 0.01 1 130 0 15
0.9199600017890335 0.9399700013417751 0 0 0.01 1 130 0 20
0.8999500022362917 0.9399700013417751 0 0 0.01 1 130 0 25
0.8799400026835501 0.9399700013417751 0 0 0.01 1 130 0 30
0.8599300031308085 0.9399700013417751 0 0 0.01 1 130 0 35
0.8399200035780668 0.9399700013417751 0 0 0.01 1 130 0 40
0.8199100040253252 0.9399700013417751 0 0 0.01 1 130 0 45
0.7999000044725836 0.9399700013417751 0 0 0.01 1 130 0 50
0.7798900049198418 0.9399700013417751 0 0 0.01 1 130 0 55
0.7598800053671002 0.9399700013417751 0 0 0.01 1 130 0 60
0.7398700058143586 0.9399700013417751 0 0 0.01 1 130 0 65
0.719860006261617 0.9399700013417751 0 0 0.01 1 130 0 70
0.6998500067088753 0.9399700013417751 0 0 0.01 1 130 0 75
0.6798400071561337 0.9399700013417751 0 0 0.01 1 130 0 80
0.659830007603392 0.9399700013417751 0 0 0.01 1 130 0 85
0.6398200080506504 0.9399700013417751 0 0 0.01 1 130 0 90
0.6198100084979088 0.9399700013417751 0 0 0.01 1 130 0 95
0.5998000089451672 0.9399700013417751 0 0 0.01 1 130 0 100
0.5797900093924255 0.9399700013417751 0 0 0.01 1 130 0 105
0.5597800098396838 0.9399700013417751 0 0 0.01 1 130 0 110
0.5397700102869422 0.9399700013417751 0 0 0.01 1 130 0 115
0.5197600107342005 0.9399700013417751 0 0 0.01 1 130 0 120
0.4997500111814589 0.9399700013417751 0 0 0.01 1 130 0 125
0.47974001162871727 0.9399700013417751 0 0 0.01 1 130 0 130
0.45973001207597564 0.9399700013417751 0 0 0.01 1 130 0 135
0.4397200125232339 0.9399700013417751 0 0 0.01 1 130 0 140
0.41971001297049226 0.9399700013417751 0 0 0.01 1 130 0 145
0.39970001341775063 0.9399700013417751 0 0 0.01 1 130 0 150
0.379690013865009 0.9399700013417751 0 0 0.01 1 130 0 155
0.35968001431226737 0.9399700013417751 0 0 0.01 1 130 0 160
0.33967001475952574 0.9399700013417751 0 0 0.01 1 130 0 165
0.3196600152067841 0.9399700013417751 0 0 0.01 1 130 0 170
0.2996500156540425 0.9399700013417751 0 0 0.01 1 130 0 175
0.27964001610130085 0.9399700013417751 0 0 0.01 1 130 0 180
0.2596300165485591 0.9399700013417751 0 0 0.01 1 130 0 185
0.23962001699581748 0.9399700013417751 0 0 0.01 1 130 0 190
0.21961001744307584 0.9399700013417751 0 0 0.01 1 130 0 195
0.1996000178903342 0.9399700013417751 0 0 0.01 1 130 0 200
0.17959001833759258 0.9399700013417751 0 0 0.01 1 130 0 205
0.15958001878485095 0.9399700013417751 0 0 0.01 1 130 0 210
0.13957001923210932 0.9399700013417751 0 0 0.01 1 130 0 215
0.11956001967936758 0.9399700013417751 0 0 0.01 1 130 0 220
0.09955002012662595 0.9399700013417751 0 0 0.01 1 130 0 225
0.07954002057388432 0.9399700013417751 0 0 0.01 1 130 0 230
0.05953002102114269 0.9399700013417751 0 0 0.01 1 130 0 235
0.039520021468401056 0.9399700013417751 0 0 0.01 1 130 0 240
0.019510021915659426 0.9399700013417751 0 0 0.01 1 130 0 245
0.9799900004472584 0.9199600017890335 0 0 0.01 1 130 0 5
0.9599800008945167 0.9199600017890335 0 0 0.01 1 130 0 10
0.9399700013417751 0.9199600017890335 0 0 0.01 1 130 0 15
0.9199600017890335 0.9199600017890335 0 0 0.01 1 130 0 20
0.8999500022362917 0.9199600017890335 0 0 0.01 1 130 0 25
0.8799400026835501 0.9199600017890335 0 0 0.01 1 130 0 30
0.8599300031308085 0.9199600017890335 0 0 0.01 1 130 0 35
0.8399200035780668 0.9199600017890335 0 0 0.01 1 130 0 40
0.8199100040253252 0.9199600017890335 0 0 0.01 1 130 0 45
0.7999000044725836 0.9199600017890335 0 0 0.01 1 130 0 50
0.7798900049198418 0.9199600017890335 0 0 0.01 1 130 0 55
0.7598800053671002 0.9199600017890335 0 0 0.01 1 130 0 60
0.7398700058143586 0.9199600017890335 0 0 0.01 1 130 0 65
0.719860006261617 0.9199600017890335 0 0 0.01 1 130 0 70
0.6998500067088753 0.9199600017890335 0 0 0.01 1 130 0 75
0.6798400071561337 0.9199600017890335 0 0 0.01 1 130 0 80
0.659830007603392 0.9199600017890335 0 0 0.01 1 130 0 85
0.6398200080506504 0.9199600017890335 0 0 0.01 1 130 0 90
0.6198100084979088 0.9199600017890335 0 0 0.01 1 130 0 95
0.5998000089451672 0.9199600017890335 0 0 0.01 1 130 0 100
0.5797900093924255 0.9199600017890335 0 0 0.01 1 130 0 105
0.5597800098396838 0.9199600017890335 0 0 0.01 1 130 0 110
0.5397700102869422 0.9199600017890335 0 0 0.01 1 130 0 115
0.5197600107342005 0.9199600017890335 0 0 0.01 1 130 0 120
0.4997500111814589 0.9199600017890335 0 0 0.01 1 130 0 125
0.47974001162871727 0.9199600017890335 0 0 0.01 1 130 0 130
0.45973001207597564 0.9199600017890335 0 0 0.01 1 130 0 135
0.4397200125232339 0.9199600017890335 0 0 0.01 1 130 0 140
0.41971001297049226 0.9199600017890335 0 0 0.01 1 130 0 145
0.39970001341775063 0.9199600017890335 0 0 0.01 1 130 0 150
0.379690013865009 0.9199600017890335 0 0 0.01 1 130 0 155
0.35968001431226737 0.9199600017890335 0 0 0.01 1 130 0 160
0.33967001475952574 0.9199600017890335 0 0 0.01 1 130 0 165
0.3196600152067841 0.9199600017890335 0 0 0.01 1 130 0 170
0.2996500156540425 0.9199600017890335 0 0 0.01 1 130 0 175
0.27964001610130085 0.9199600017890335 0 0 0.01 1 130 0 180
0.2596300165485591 0.9199600017890335 0 0 0.01 1 130 0 185
0.23962001699581748 0.9199600017890335 0 0 0.01 1 130 0 190
0.21961001744307584 0.9199600017890335 0 0 0.01 1 130 0 195
0.1996000178903342 0.9199600017890335 0 0 0.01 1 130 0 200
0.17959001833759258 0.9199600017890335 0 0 0.01 1 130 0 205
0.15958001878485095 0.9199600017890335 0 0 0.01 1 130 0 210
0.13957001923210932 0.9199600017890335 0 0 0.01 1 130 0 215
0.11956001967936758 0.9199600017890335 0 0 0.01 1 130 0 220
0.09955002012662595 0.9199600017890335 0 0 0.01 1 130 0 225
0.07954002057388432 0.9199600017890335 0 0 0.01 1 130 0 230
0.05953002102114269 0.9199600017890335 0 0 0.01 1 130 0 235
0.039520021468401056 0.9199600017890335 0 0 0.01 1 130 0 240
0.019510021915659426 0.9199600017890335 0 0 0.01 1 130 0 245
0.9799900004472584 0.8999500022362917 0 0 0.01 1 130 0 5
0.9599800008945167 0.8999500022362917 0 0 0.01 1 130 0 10
0.9399700013417751 0.8999500022362917 0 0 0.01 1 130 0 15
0.9199600017890335 0.8999500022362917 0 0 0.01 1 130 0 20
0.8999500022362917 0.8999500022362917 0 0 0.01 1 130 0 25
0.8799400026835501 0.8999500022362917 0 0 0.01 1 130 0 30
0.8599300031308085 0.8999500022362917 0 0 0.01 1 130 0 35
0.8399200035780668 0.8999500022362917 0 0 0.01 1 130 0 40
0.8199100040253252 0.8999500022362917 0 0 0.01 1 130 0 45
0.7999000044725836 0.8999500022362917 0 0 0.01 1 130 0 50
0.7798900049198418 0.8999500022362917 0 0 0.01 1 130 0 55
0.7598800053671002 0.8999500022362917 0 0 0.01 1 130 0 60
0.7398700058143586 0.8999500022362917 0 0 0.01 1 130 0 65
0.719860006261617 0.8999500022362917 0 0 0.01 1 130 0 70
0.6998500067088753 0.8999500022362917 0 0 0.01 1 130 0 75
0.6798400071561337 0.8999500022362917 0 0 0.01 1 130 0 80
0.659830007603392 0.8999500022362917 0 0 0.01 1 130 0 85
0.6398200080506504 0.8999500022362917 0 0 0.01 1 130 0 90
0.6198100084979088 0.8999500022362917 0 0 0.01 1 130 0 95
0.5998000089451672 0.8999500022362917 0 0 0.01 1 130 0 100
0.5797900093924255 0.8999500022362917 0 0 0.01 1 130 0 105
0.5597800098396838 0.8999500022362917 0 0 0.01 1 130 0 110
0.5397700102869422 0.8999500022362917 0 0 0.01 1 130 0 115
0.5197600107342005 0.8999500022362917 0 0 0.01 1 130 0 120
0.4997500111814589 0.8999500022362917 0 0 0.01 1 130 0 125
0.47974001162871727 0.8999500022362917 0 0 0.01 1 130 0 130
0.45973001207597564 0.8999500022362917 0 0 0.01 1 130 0 135
0.4397200125232339 0.8999500022362917 0 0 0.01 1 130 0 140
0.41971001297049226 0.8999500022362917 0 0 0.01 1 130 0 145
0.39970001341775063 0.8999500022362917 0 0 0.01 1 130 0 150
0.379690013865009 0.8999500022362917 0 0 0.01 1 130 0 155
0.35968001431226737 0.8999500022362917 0 0 0.01 1 130 0 160
0.33967001475952574 0.8999500022362917 0 0 0.01 1 130 0 165
0.3196600152067841 0.8999500022362917 0 0 0.01 1 130 0 170
0.2996500156540425 0.8999500022362917 0 0 0.01 1 130 0 175
0.27964001610130085 0.8999500022362917 0 0 0.01 1 130 0 180
0.2596300165485591 0.8999500022362917 0 0 0.01 1 130 0 185
0.23962001699581748 0.8999500022362917 0 0 0.01 1 130 0 190
0.21961001744307584 0.8999500022362917 0 0 0.01 1 130 0 195
0.1996000178903342 0.8999500022362917 0 0 0.01 1 130 0 200
0.17959001833759258 0.8999500022362917 0 0 0.01 1 130 0 205
0.15958001878485095 0.8999500022362917 0 0 0.01 1 130 0 210
0.13957001923210932 0.8999500022362917 0 0 0.01 1 130 0 215
0.11956001967936758 0.8999500022362917 0 0 0.01 1 130 0 220
0.09955002012662595 0.8999500022362917 0 0 0.01 1 130 0 225
0.07954002057388432 0.8999500022362917 0 0 0.01 1 130 0 230
0.05953002102114269 0.8999500022362917 0 0 0.01 1 130 0 235
0.039520021468401056 0.8999500022362917 0 0 0.01 1 130 0 240
0.019510021915659426 0.8999500022362917 0 0 0.01 1 130 0 245
0.9799900004472584 0.8799400026835501 0 0 0.01 1 130 0 5
0.9599800008945167 0.8799400026835501 0 0 0.01 1 130 0 10
0.9399700013417751 0.8799400026835501 0 0 0.01 1 130 0 15
0.9199600017890335 0.8799400026835501 0 0 0.01 1 130 0 20
0.8999500022362917 0.8799400026835501 0 0 0.01 1 130 0 25
0.8799400026835501 0.8799400026835501 0 0 0.01 1 130 0 30
0.8599300031308085 0.8799400026835501 0 0 0.01 1 130 0 35
0.8399200035780668 0.8799400026835501 0 0 0.01 1 130 0 40
0.8199100040253252 0.8799400026835501 0 0 0.01 1 130 0 45
0.7999000044725836 0.8799400026835501 0 0 0.01 1 130 0 50
0.7798900049198418 0.8799400026835501 0 0 0.01 1 130 0 55
0.7598800053671002 0.8799400026835501 0 0 0.01 1 130 0 60
0.7398700058143586 0.8799400026835501 0 0 0.01 1 130 0 65
0.719860006261617 0.8799400026835501 0 0 0.01 1 130 0 70
0.6998500067088753 0.8799400026835501 0 0 0.01 1 130 0 75
0.6798400071561337 0.8799400026835501 0 0 0.01 1 130 0 80
0.659830007603392 0.8799400026835501 0 0 0.01 1 130 0 85
0.6398200080506504 0.8799400026835501 0 0 0.01 1 130 0 90
0.6198100084979088 0.8799400026835501 0 0 0.01 1 130 0 95
0.5998000089451672 0.8799400026835501 0 0 0.01 1 130 0 100
0.5797900093924255 0.8799400026835501 0 0 0.01 1 130 0 105
0.5597800098396838 0.8799400026835501 0 0 0.01 1 130 0 110
0.5397700102869422 0.8799400026835501 0 0 0.01 1 130 0 115
0.5197600107342005 0.8799400026835501 0 0 0.01 1 130 0 120
0.4997500111814589 0.8799400026835501 0 0 0.01 1 130 0 125
0.47974001162871727 0.8799400026835501 0 0 0.01 1 130 0 130
0.45973001207597564 0.8799400026835501 0 0 0.01 1 130 0 135
0.4397200125232339 0.8799400026835501 0 0 0.01 1 130 0 140
0.41971001297049226 0.8799400026835501 0 0 0.01 1 130 0 145
0.39970001341775063 0.8799400026835501 0 0 0.01 1 130 0 150
0.379690013865009 0.8799400026835501 0 0 0.01 1 130 0 155
0.35968001431226737 0.8799400026835501 0 0 0.01 1 130 0 160
0.33967001475952574 0.8799400026835501 0 0 0.01 1 130 0 165
0.3196600152067841 0.8799400026835501 0 0 0.01 1 130 0 170
0.2996500156540425 0.8799400026835501 0 0 0.01 1 130 0 175
0.27964001610130085 0.8799400026835501 0 0 0.01 1 130 0 180
0.2596300165485591 0.8799400026835501 0 0 0.01 1 130 0 185
0.23962001699581748 0.8799400026835501 0 0 0.01 1 130 0 190
0.21961001744307584 0.8799400026835501 0 0 0.01 1 130 0 195
0.1996000178903342 0.8799400026835501 0 0 0.01 1 130 0 200
0.17959001833759258 0.8799400026835501 0 0 0.01 1 130 0 205
0.15958001878485095 0.8799400026835501 0 0 0.01 1 130 0 210
0.13957001923210932 0.8799400026835501 0 0 0.01 1 130 0 215
0.11956001967936758 0.8799400026835501 0 0 0.01 1 130 0 220
0.09955002012662595 0.8799400026835501 0 0 0.01 1 130 0 225
0.07954002057388432 0.8799400026835501 0 0 0.01 1 130 0 230
0.05953002102114269 0.8799400026835501 0 0 0.01 1 130 0 235
0.039520021468401056 0.8799400026835501 0 0 0.01 1 130 0 240
0.019510021915659426 0.8799400026835501 0 0 0.01 1 130 0 245
0.9799900004472584 0.8599300031308085 0 0 0.01 1 130 0 5
0.9599800008945167 0.8599300031308085 0 0 0.01 1 130 0 10
0.9399700013417751 0.8599300031308085 0 0 0.01 1 130 0 15
0.9199600017890335 0.8599300031308085 0 0 0.01 1 130 0 20
0.8999500022362917 0.8599300031308085 0 0 0.01 1 130 0 25
0.8799400026835501 0.8599300031308085 0 0 0.01 1 130 0 30
0.8599300031308085 0.8599300031308085 0 0 0.01 1 130 0 35
0.8399200035780668 0.8599300031308085 0 0 0.01 1 130 0 40
0.8199100040253252 0.8599300031308085 0 0 0.01 1 130 0 45
0.7999000044725836 0.8599300031308085 0 0 0.01 1 130 0 50
0.7798900049198418 0.8599300031308085 0 0 0.01 1 130 0 55
0.7598800053671002 0.8599300031308085 0 0 0.01 1 130 0 60
0.7398700058143586 0.8599300031308085 0 0 0.01 1 130 0 65
0.719860006261617 0.8599300031308085 0 0 0.01 1 130 0 70
0.6998500067088753 0.8599300031308085 0 0 0.01 1 130 0 75
0.6798400071561337 0.8599300031308085 0 0 0.01 1 130 0 80
0.659830007603392 0.8599300031308085 0 0 0.01 1 130 0 85
0.6398200080506504 0.8599300031308085 0 0 0.01 1 130 0 90
0.6198100084979088 0.8599300031308085 0 0 0.01 1 130 0 95
0.5998000089451672 0.8599300031308085 0 0 0.01 1 130 0 100
0.5797900093924255 0.8599300031308085 0 0 0.01 1 130 0 105
0.5597800098396838 0.8599300031308085 0 0 0.01 1 130 0 110
0.5397700102869422 0.8599300031308085 0 0 0.01 1 130 0 115
0.5197600107342005 0.8599300031308085 0 0 0.01 1 130 0 120
0.4997500111814589 0.8599300031308085 0 0 0.01 1 130 0 125
0.47974001162871727 0.8599300031308085 0 0 0.01 1 130 0 130
0.45973001207597564 0.8599300031308085 0 0 0.01 1 130 0 135
0.4397200125232339 0.8599300031308085 0 0 0.01 1 130 0 140
0.41971001297049226 0.8599300031308085 0 0 0.01 1 130 0 145
0.39970001341775063 0.8599300031308085 0 0 0.01 1 130 0 150
0.379690013865009 0.8599300031308085 0 0 0.01 1 130 0 155
0.35968001431226737 0.8599300031308085 0 0 0.01 1 130 0 160
0.33967001475952574 0.8599300031308085 0 0 0.01 1 130 0 165
0.3196600152067841 0.8599300031308085 0 0 0.01 1 130 0 170
0.2996500156540425 0.8599300031308085 0 0 0.01 1 130 0 175
0.27964001610130085 0.8599300031308085 0 0 0.01 1 130 0 180
0.2596300165485591 0.8599300031308085 0 0 0.01 1 130 0 185
0.23962001699581748 0.8599300031308085 0 0 0.01 1 130 0 190
0.21961001744307584 0.8599300031308085 0 0 0.01 1 130 0 195
0.1996000178903342 0.8599300031308085 0 0 0.01 1 130 0 200
0.17959001833759258 0.8599300031308085 0 0 0.01 1 130 0 205
0.15958001878485095 0.8599300031308085 0 0 0.01 1 130 0 210
0.13957001923210932 0.8599300031308085 0 0 0.01 1 130 0 215
0.11956001967936758 0.8599300031308085 0 0 0.01 1 130 0 220
0.09955002012662595 0.8599300031308085 0 0 0.01 1 130 0 225
0.07954002057388432 0.8599300031308085 0 0 0.01 1 130 0 230
0.05953002102114269 0.8599300031308085 0 0 0.01 1 130 0 235
0.039520021468401056 0.8599300031308085 0 0 0.01 1 130 0 240
0.019510021915659426 0.8599300031308085 0 0 0.01 1 130 0 245
0.9799900004472584 0.8399200035780668 0 0 0.01 1 130 0 5
0.9599800008945167 0.8399200035780668 0 0 0.01 1 130 0 10
0.9399700013417751 0.8399200035780668 0 0 0.01 1 130 0 15
0.9199600017890335 0.8399200035780668 0 0 0.01 1 130 0 20
0.8999500022362917 0.8399200035780668 0 0 0.01 1 130 0 25
0.8799400026835501 0.8399200035780668 0 0 0.01 1 130 0 30
0.8599300031308085 0.8399200035780668 0 0 0.01 1 130 0 35
0.8399200035780668 0.8399200035780668 0 0 0.01 1 130 0 40
0.8199100040253252 0.8399200035780668 0 0 0.01 1 130 0 45
0.7999000044725836 0.8399200035780668 0 0 0.01 1 130 0 50
0.7798900049198418 0.8399200035780668 0 0 0.01 1 130 0 55
0.7598800053671002 0.8399200035780668 0 0 0.01 1 130 0 60
0.7398700058143586 0.8399200035780668 0 0 0.01 1 130 0 65
0.719860006261617 0.8399200035780668 0 0 0.01 1 130 0 70
0.6998500067088753 0.8399200035780668 0 0 0.01 1 130 0 75
0.6798400071561337 0.8399200035780668 0 0 0.01 1 130 0 80
0.659830007603392 0.8399200035780668 0 0 0.01 1 130 0 85
0.6398200080506504 0.8399200035780668 0 0 0.01 1 130 0 90
0.6198100084979088 0.8399200035780668 0 0 0.01 1 130 0 95
0.5998000089451672 0.8399200035780668 0 0 0.01 1 130 0 100
0.5797900093924255 0.8399200035780668 0 0 0.01 1 130 0 105
0.5597800098396838 0.8399200035780668 0 0 0.01 1 130 0 110
0.5397700102869422 0.8399200035780668 0 0 0.01 1 130 0 115
0.5197600107342005 0.8399200035780668 0 0 0.01 1 130 0 120
0.4997500111814589 0.8399200035780668 0 0 0.01 1 130 0 125
0.47974001162871727 0.8399200035780668 0 0 0.01 1 130 0 130
0.45973001207597564 0.8399200035780668 0 0 0.01 1 130 0 135
0.4397200125232339 0.8399200035780668 0 0 0.01 1 130 0 140
0.41971001297049226 0.8399200035780668 0 0 0.01 1 130 0 145
0.39970001341775063 0.8399200035780668 0 0 0.01 1 130 0 150
0.379690013865009 0.8399200035780668 0 0 0.01 1 130 0 155
0.35968001431226737 0.8399200035780668 0 0 0.01 1 130 0 160
0.33967001475952574 0.8399200035780668 0 0 0.01 1 130 0 165
0.3196600152067841 0.8399200035780668 0 0 0.01 1 130 0 170
0.2996500156540425 0.8399200035780668 0 0 0.01 1 130 0 175
0.27964001610130085 0.8399200035780668 0 0 0.01 1 130 0 180
0.2596300165485591 0.8399200035780668 0 0 0.01 1 130 0 185
0.23962001699581748 0.8399200035780668 0 0 0.01 1 130 0 190
0.21961001744307584 0.8399200035780668 0 0 0.01 1 130 0 195
0.1996000178903342 0.8399200035780668 0 0 0.01 1 130 0 200
0.17959001833759258 0.8399200035780668 0 0 0.01 1 130 0 205
0.15958001878485095 0.8399200035780668 0 0 0.01 1 130 0 210
0.13957001923210932 0.8399200035780668 0 0 0.01 1 130 0 215
0.11956001967936758 0.8399200035780668 0 0 0.01 1 130 0 220
0.09955002012662595 0.8399200035780668 0 0 0.01 1 130 0 225
0.07954002057388432 0.8399200035780668 0 0 0.01 1 130 0 230
0.05953002102114269 0.8399200035780668 0 0 0.01 1 130 0 235
0.039520021468401056 0.8399200035780668 0 0 0.01 1 130 0 240
0.019510021915659426 0.8399200035780668 0 0 0.01 1 130 0 245
0.9799900004472584 0.8199100040253252 0 0 0.01 1 130 0 5
0.9599800008945167 0.8199100040253252 0 0 0.01 1 130 0 10
0.9399700013417751 0.8199100040253252 0 0 0.01 1 130 0 15
0.9199600017890335 0.8199100040253252 0 0 0.01 1 130 0 20
0.8999500022362917 0.8199100040253252 0 0 0.01 1 130 0 25
0.8799400026835501 0.8199100040253252 0 0 0.01 1 130 0 30
0.8599300031308085 0.8199100040253252 0 0 0.01 1 130 0 35
0.8399200035780668 0.8199100040253252 0 0 0.01 1 130 0 40
0.8199100040253252 0.8199100040253252 0 0 0.01 1 130 0 45
0.7999000044725836 0.8199100040253252 0 0 0.01 1 130 0 50
0.7798900049198418 0.8199100040253252 0 0 0.01 1 130 0 55
0.7598800053671002 0.8199100040253252 0 0 0.01 1 130 0 60
0.7398700058143586 0.8199100040253252 0 0 0.01 1 130 0 65
0.719860006261617 0.8199100040253252 0 0 0.01 1 130 0 70
0.6998500067088753 0.8199100040253252 0 0 0.01 1 130 0 75
0.6798400071561337 0.8199100040253252 0 0 0.01 1 130 0 80
0.659830007603392 0.8199100040253252 0 0 0.01 1 130 0 85
0.6398200080506504 0.8199100040253252 0 0 0.01 1 130 0 90
0.6198100084979088 0.8199100040253252 0 0 0.01 1 130 0 95
0.5998000089451672 0.8199100040253252 0 0 0.01 1 130 0 100
0.5797900093924255 0.8199100040253252 0 0 0.01 1 130 0 105
0.5597800098396838 0.8199100040253252 0 0 0.01 1 130 0 110
0.5397700102869422 0.8199100040253252 0 0 0.01 1 130 0 115
0.5197600107342005 0.8199100040253252 0 0 0.01 1 130 0 120
0.4997500111814589 0.8199100040253252 0 0 0.01 1 130 0 125
0.47974001162871727 0.8199100040253252 0 0 0.01 1 130 0 130
0.45973001207597564 0.8199100040253252 0 0 0.01 1 130 0 135
0.4397200125232339 0.8199100040253252 0 0 0.01 1 130 0 140
0.41971001297049226 0.8199100040253252 0 0 0.01 1 130 0 145
0.39970001341775063 0.8199100040253252 0 0 0.01 1 130 0 150
0.379690013865009 0.8199100040253252 0 0 0.01 1 130 0 155
0.35968001431226737 0.8199100040253252 0 0 0.01 1 130 0 160
0.33967001475952574 0.8199100040253252 0 0 0.01 1 130 0 165
0.3196600152067841 0.8199100040253252 0 0 0.01 1 130 0 170
0.2996500156540425 0.8199100040253252 0 0 0.01 1 130 0 175
0.27964001610130085 0.8199100040253252 0 0 0.01 1 130 0 180
0.2596300165485591 0.8199100040253252 0 0 0.01 1 130 0 185
0.23962001699581748 0.8199100040253252 0 0 0.01 1 130 0 190
0.21961001744307584 0.8199100040253252 0 0 0.01 1 130 0 195
0.1996000178903342 0.8199100040253252 0 0 0.01 1 130 0 200
0.17959001833759258 0.8199100040253252 0 0 0.01 1 130 0 205
0.15958001878485095 0.8199100040253252 0 0 0.01 1 130 0 210
0.13957001923210932 0.8199100040253252 0 0 0.01 1 130 0 215
0.11956001967936758 0.8199100040253252 0 0 0.01 1 130 0 220
0.09955002012662595 0.8199100040253252 0 0 0.01 1 130 0 225
0.07954002057388432 0.8199100040253252 0 0 0.01 1 130 0 230
0.05953002102114269 0.8199100040253252 0 0 0.01 1 130 0 235
0.039520021468401056 0.8199100040253252 0 0 0.01 1 130 0 240
0.019510021915659426 0.8199100040253252 0 0 0.01 1 130 0 245
0.9799900004472584 0.7999000044725836 0 0 0.01 1 130 0 5
0.9599800008945167 0.7999000044725836 0 0 0.01 1 130 0 10
0.9399700013417751 0.7999000044725836 0 0 0.01 1 130 0 15
0.9199600017890335 0.7999000044725836 0 0 0.01 1 130 0 20
0.8999500022362917 0.7999000044725836 0 0 0.01 1 130 0 25
0.8799400026835501 0.7999000044725836 0 0 0.01 1 130 0 30
0.8599300031308085 0.7999000044725836 0 0 0.01 1 130 0 35
0.8399200035780668 0.7999000044725836 0 0 0.01 1 130 0 40
0.8199100040253252 0.7999000044725836 0 0 0.01 1 130 0 45
0.7999000044725836 0.7999000044725836 0 0 0.01 1 130 0 50
0.7798900049198418 0.7999000044725836 0 0 0.01 1 130 0 55
0.7598800053671002 0.7999000044725836 0 0 0.01 1 130 0 60
0.7398700058143586 0.7999000044725836 0 0 0.01 1 130 0 65
0.719860006261617 0.7999000044725836 0 0 0.01 1 130 0 70
0.6998500067088753 0.7999000044725836 0 0 0.01 1 130 0 75
0.6798400071561337 0.7999000044725836 0 0 0.01 1 130 0 80
0.659830007603392 0.7999000044725836 0 0 0.01 1 130 0 85
0.6398200080506504 0.7999000044725836 0 0 0.01 1 130 0 90
0.6198100084979088 0.7999000044725836 0 0 0.01 1 130 0 95
0.5998000089451672 0.7999000044725836 0 0 0.01 1 130 0 100
0.5797900093924255 0.7999000044725836 0 0 0.01 1 130 0 105
0.5597800098396838 0.7999000044725836 0 0 0.01 1 130 0 110
0.5397700102869422 0.7999000044725836 0 0 0.01 1 130 0 115
0.5197600107342005 0.7999000044725836 0 0 0.01 1 130 0 120
0.4997500111814589 0.7999000044725836 0 0 0.01 1 130 0 125
0.47974001162871727 0.7999000044725836 0 0 0.01 1 130 0 130
0.45973001207597564 0.7999000044725836 0 0 0.01 1 130 0 135
0.4397200125232339 0.7999000044725836 0 0 0.01 1 130 0 140
0.41971001297049226 0.7999000044725836 0 0 0.01 1 130 0 145
0.39970001341775063 0.7999000044725836 0 0 0.01 1 130 0 150
0.379690013865009 0.7999000044725836 0 0 0.01 1 130 0 155
0.35968001431226737 0.7999000044725836 0 0 0.01 1 130 0 160
0.33967001475952574 0.7999000044725836 0 0 0.01 1 130 0 165
0.3196600152067841 0.7999000044725836 0 0 0.01 1 130 0 170
0.2996500156540425 0.7999000044725836 0 0 0.01 1 130 0 175
0.27964001610130085 0.7999000044725836 0 0 0.01 1 130 0 180
0.2596300165485591 0.7999000044725836 0 0 0.01 1 130 0 185
0.23962001699581748 0.7999000044725836 0 0 0.01 1 130 0 190
0.21961001744307584 0.7999000044725836 0 0 0.01 1 130 0 195
0.1996000178903342 0.7999000044725836 0 0 0.01 1 130 0 200
0.17959001833759258 0.7999000044725836 0 0 0.01 1 130 0 205
0.15958001878485095 0.7999000044725836 0 0 0.01 1 130 0 210
0.13957001923210932 0.7999000044725836 0 0 0.01 1 130 0 215
0.11956001967936758 0.7999000044725836 0 0 0.01 1 130 0 220
0.09955002012662595 0.7999000044725836 0 0 0.01 1 130 0 225
0.07954002057388432 0.7999000044725836 0 0 0.01 1 130 0 230
0.05953002102114269 0.7999000044725836 0 0 0.01 1 130 0 235
0.039520021468401056 0.7999000044725836 0 0 0.01 1 130 0 240
0.019510021915659426 0.7999000044725836 0 0 0.01 1 130 0 245
0.9799900004472584 0.7798900049198418 0 0 0.01 1 130 0 5
0.9599800008945167 0.7798900049198418 0 0 0.01 1 130 0 10
0.9399700013417751 0.7798900049198418 0 0 0.01 1 130 0 15
0.9199600017890335 0.7798900049198418 0 0 0.01 1 130 0 20
0.8999500022362917 0.7798900049198418 0 0 0.01 1 130 0 25
0.8799400026835501 0.7798900049198418 0 0 0.01 1 130 0 30
0.8599300031308085 0.7798900049198418 0 0 0.01 1 130 0 35
0.8399200035780668 0.7798900049198418 0 0 0.01 1 130 0 40
0.8199100040253252 0.7798900049198418 0 0 0.01 1 130 0 45
0.7999000044725836 0.7798900049198418 0 0 0.01 1 130 0 50
0.7798900049198418 0.7798900049198418 0 0 0.01 1 130 0 55
0.7598800053671002 0.7798900049198418 0 0 0.01 1 130 0 60
0.7398700058143586 0.7798900049198418 0 0 0.01 1 130 0 65
0.719860006261617 0.7798900049198418 0 0 0.01 1 130 0 70
0.6998500067088753 0.7798900049198418 0 0 0.01 1 130 0 75
0.6798400071561337 0.7798900049198418 0 0 0.01 1 130 0 80
0.659830007603392 0.7798900049198418 0 0 0.01 1 130 0 85
0.6398200080506504 0.7798900049198418 0 0 0.01 1 130 0 90
0.6198100084979088 0.7798900049198418 0 0 0.01 1 130 0 95
0.5998000089451672 0.7798900049198418 0 0 0.01 1 130 0 100
0.5797900093924255 0.7798900049198418 0 0 0.01 1 130 0 105
0.5597800098396838 0.7798900049198418 0 0 0.01 1 130 0 110
0.5397700102869422 0.7798900049198418 0 0 0.01 1 130 0 115
0.5197600107342005 0.7798900049198418 0 0 0.01 1 130 0 120
0.4997500111814589 0.7798900049198418 0 0 0.01 1 130 0 125
0.47974001162871727 0.7798900049198418 0 0 0.01 1 130 0 130
0.45973001207597564 0.7798900049198418 0 0 0.01 1 130 0 135
0.4397200125232339 0.7798900049198418 0 0 0.01 1 130 0 140
0.41971001297049226 0.7798900049198418 0 0 0.01 1 130 0 145
0.39970001341775063 0.7798900049198418 0 0 0.01 1 130 0 150
0.379690013865009 0.7798900049198418 0 0 0.01 1 130 0 155
0.35968001431226737 0.7798900049198418 0 0 0.01 1 130 0 160
0.33967001475952574 0.7798900049198418 0 0 0.01 1 130 0 165
0.3196600152067841 0.7798900049198418 0 0 0.01 1 130 0 170
0.2996500156540425 0.7798900049198418 0 0 0.01 1 130 0 175
0.27964001610130085 0.7798900049198418 0 0 0.01 1 130 0 180
0.2596300165485591 0.7798900049198418 0 0 0.01 1 130 0 185
0.23962001699581748 0.7798900049198418 0 0 0.01 1 130 0 190
0.21961001744307584 0.7798900049198418 0 0 0.01 1 130 0 195
0.1996000178903342 0.7798900049198418 0 0 0.01 1 130 0 200
0.17959001833759258 0.7798900049198418 0 0 0.01 1 130 0 205
0.15958001878485095 0.7798900049198418 0 0 0.01 1 130 0 210
0.13957001923210932 0.7798900049198418 0 0 0.01 1 130 0 215
0.11956001967936758 0.7798900049198418 0 0 0.01 1 130 0 220
0.09955002012662595 0.7798900049198418 0 0 0.01 1 130 0 225
0.07954002057388432 0.7798900049198418 0 0 0.01 1 130 0 230
0.05953002102114269 0.7798900049198418 0 0 0.01 1 130 0 235
0.039520021468401056 0.7798900049198418 0 0 0.01 1 130 0 240
0.019510021915659426 0.7798900049198418 0 0 0.01 1 130 0 245
0.9799900004472584 0.7598800053671002 0 0 0.01 1 130 0 5
0.9599800008945167 0.7598800053671002 0 0 0.01 1 130 0 10
0.9399700013417751 0.7598800053671002 0 0 0.01 1 130 0 15
0.9199600017890335 0.7598800053671002 0 0 0.01 1 130 0 20
0.8999500022362917 0.7598800053671002 0 0 0.01 1 130 0 25
0.8799400026835501 0.7598800053671002 0 0 0.01 1 130 0 30
0.8599300031308085 0.7598800053671002 0 0 0.01 1 130 0 35
0.8399200035780668 0.7598800053671002 0 0 0.01 1 130 0 40
0.8199100040253252 0.7598800053671002 0 0 0.01 1 130 0 45
0.7999000044725836 0.7598800053671002 0 0 0.01 1 130 0 50
0.7798900049198418 0.7598800053671002 0 0 0.01 1 130 0 55
0.7598800053671002 0.7598800053671002 0 0 0.01 1 130 0 60
0.7398700058143586 0.7598800053671002 0 0 0.01 1 130 0 65
0.719860006261617 0.7598800053671002 0 0 0.01 1 130 0 70
0.6998500067088753 0.7598800053671002 0 0 0.01 1 130 0 75
0.6798400071561337 0.7598800053671002 0 0 0.01 1 130 0 80
0.659830007603392 0.7598800053671002 0 0 0.01 1 130 0 85
0.6398200080506504 0.7598800053671002 0 0 0.01 1 130 0 90
0.6198100084979088 0.7598800053671002 0 0 0.01 1 130 0 95
0.5998000089451672 0.7598800053671002 0 0 0.01 1 130 0 100
0.5797900093924255 0.7598800053671002 0 0 0.01 1 130 0 105
0.5597800098396838 0.7598800053671002 0 0 0.01 1 130 0 110
0.5397700102869422 0.7598800053671002 0 0 0.01 1 130 0 115
0.5197600107342005 0.7598800053671002 0 0 0.01 1 130 0 120
0.4997500111814589 0.7598800053671002 0 0 0.01 1 130 0 125
0.47974001162871727 0.7598800053671002 0 0 0.01 1 130 0 130
0.45973001207597564 0.7598800053671002 0 0 0.01 1 130 0 135
0.4397200125232339 0.7598800053671002 0 0 0.01 1 130 0 140
0.41971001297049226 0.7598800053671002 0 0 0.01 1 130 0 145
0.39970001341775063 0.7598800053671002 0 0 0.01 1 130 0 150
0.379690013865009 0.7598800053671002 0 0 0.01 1 130 0 155
0.35968001431226737 0.7598800053671002 0 0 0.01 1 130 0 160
0.33967001475952574 0.7598800053671002 0 0 0.01 1 130 0 165
0.3196600152067841 0.7598800053671002 0 0 0.01 1 130 0 170
0.2996500156540425 0.7598800053671002 0 0 0.01 1 130 0 175
0.27964001610130085 0.7598800053671002 0 0 0.01 1 130 0 180
0.2596300165485591 0.7598800053671002 0 0 0.01 1 130 0 185
0.23962001699581748 0.7598800053671002 0 0 0.01 1 130 0 190
0.21961001744307584 0.7598800053671002 0 0 0.01 1 130 0 195
0.1996000178903342 0.7598800053671002 0 0 0.01 1 130 0 200
0.17959001833759258 0.7598800053671002 0 0 0.01 1 130 0 205
0.15958001878485095 0.7598800053671002 0 0 0.01 1 130 0 210
0.13957001923210932 0.7598800053671002 0 0 0.01 1 130 0 215
0.11956001967936758 0.7598800053671002 0 0 0.01 1 130 0 220
0.09955002012662595 0.7598800053671002 0 0 0.01 1 130 0 225
0.07954002057388432 0.7598800053671002 0 0 0.01 1 130 0 230
0.05953002102114269 0.7598800053671002 0 0 0.01 1 130 0 235
0.039520021468401056 0.7598800053671002 0 0 0.01 1 130 0 240
0.019510021915659426 0.7598800053671002 0 0 0.01 1 130 0 245
0.9799900004472584 0.7398700058143586 0 0 0.01 1 130 0 5
0.9599800008945167 0.7398700058143586 0 0 0.01 1 130 0 10
0.9399700013417751 0.7398700058143586 0 0 0.01 1 130 0 15
0.9199600017890335 0.7398700058143586 0 0 0.01 1 130 0 20
0.8999500022362917 0.7398700058143586 0 0 0.01 1 130 0 25
0.8799400026835501 0.7398700058143586 0 0 0.01 1 130 0 30
0.8599300031308085 0.7398700058143586 0 0 0.01 1 130 0 35
0.8399200035780668 0.7398700058143586 0 0 0.01 1 130 0 40
0.8199100040253252 0.7398700058143586 0 0 0.01 1 130 0 45
0.7999000044725836 0.7398700058143586 0 0 0.01 1 130 0 50
0.7798900049198418 0.7398700058143586 0 0 0.01 1 130 0 55
0.7598800053671002 0.7398700058143586 0 0 0.01 1 130 0 60
0.7398700058143586 0.7398700058143586 0 0 0.01 1 130 0 65
0.719860006261617 0.7398700058143586 0 0 0.01 1 130 0 70
0.6998500067088753 0.7398700058143586 0 0 0.01 1 130 0 75
0.6798400071561337 0.7398700058143586 0 0 0.01 1 130 0 80
0.659830007603392 0.7398700058143586 0 0 0.01 1 130 0 85
0.6398200080506504 0.7398700058143586 0 0 0.01 1 130 0 90
0.6198100084979088 0.7398700058143586 0 0 0.01 1 130 0 95
0.5998000089451672 0.7398700058143586 0 0 0.01 1 130 0 100
0.5797900093924255 0.7398700058143586 0 0 0.01 1 130 0 105
0.5597800098396838 0.7398700058143586 0 0 0.01 1 130 0 110
0.5397700102869422 0.7398700058143586 0 0 0.01 1 130 0 115
0.5197600107342005 0.7398700058143586 0 0 0.01 1 130 0 120
0.4997500111814589 0.7398700058143586 0 0 0.01 1 130 0 125
0.47974001162871727 0.7398700058143586 0 0 0.01 1 130 0 130
0.45973001207597564 0.7398700058143586 0 0 0.01 1 130 0 135
0.4397200125232339 0.7398700058143586 0 0 0.01 1 130 0 140
0.41971001297049226 0.7398700058143586 0 0 0.01 1 130 0 145
0.39970001341775063 0.7398700058143586 0 0 0.01 1 130 0 150
0.379690013865009 0.7398700058143586 0 0 0.01 1 130 0 155
0.35968001431226737 0.7398700058143586 0 0 0.01 1 130 0 160
0.33967001475952574 0.7398700058143586 0 0 0.01 1 130 0 165
0.3196600152067841 0.7398700058143586 0 0 0.01 1 130 0 170
0.2996500156540425 0.7398700058143586 0 0 0.01 1 130 0 175
0.27964001610130085 0.7398700058143586 0 0 0.01 1 130 0 180
0.2596300165485591 0.7398700058143586 0 0 0.01 1 130 0 185
0.23962001699581748 0.7398700058143586 0 0 0.01 1 130 0 190
0.21961001744307584 0.7398700058143586 0 0 0.01 1 130 0 195
0.1996000178903342 0.7398700058143586 0 0 0.01 1 130 0 200
0.17959001833759258 0.7398700058143586 0 0 0.01 1 130 0 205
0.15958001878485095 0.7398700058143586 0 0 0.01 1 130 0 210
0.13957001923210932 0.7398700058143586 0 0 0.01 1 130 0 215
0.11956001967936758 0.7398700058143586 0 0 0.01 1 130 0 220
0.09955002012662595 0.7398700058143586 0 0 0.01 1 130 0 225
0.07954002057388432 0.7398700058143586 0 0 0.01 1 130 0 230
0.05953002102114269 0.7398700058143586 0 0 0.01 1 130 0 235
0.039520021468401056 0.7398700058143586 0 0 0.01 1 130 0 240
0.019510021915659426 0.7398700058143586 0 0 0.01 1 130 0 245
0.9799900004472584 0.719860006261617 0 0 0.01 1 130 0 5
0.9599800008945167 0.719860006261617 0 0 0.01 1 130 0 10
0.9399700013417751 0.719860006261617 0 0 0.01 1 130 0 15
0.9199600017890335 0.719860006261617 0 0 0.01 1 130 0 20
0.8999500022362917 0.719860006261617 0 0 0.01 1 130 0 25
0.8799400026835501 0.719860006261617 0 0 0.01 1 130 0 30
0.8599300031308085 0.719860006261617 0 0 0.01 1 130 0 35
0.8399200035780668 0.719860006261617 0 0 0.01 1 130 0 40
0.8199100040253252 0.719860006261617 0 0 0.01 1 130 0 45
0.7999000044725836 0.719860006261617 0 0 0.01 1 130 0 50
0.7798900049198418 0.719860006261617 0 0 0.01 1 130 0 55
0.7598800053671002 0.719860006261617 0 0 0.01 1 130 0 60
0.7398700058143586 0.719860006261617 0 0 0.01 1 130 0 65
0.719860006261617 0.719860006261617 0 0 0.01 1 130 0 70
0.6998500067088753 0.719860006261617 0 0 0.01 1 130 0 75
0.6798400071561337 0.719860006261617 0 0 0.01 1 130 0 80
0.659830007603392 0.719860006261617 0 0 0.01 1 130 0 85
0.6398200080506504 0.719860006261617 0 0 0.01 1 130 0 90
0.6198100084979088 0.719860006261617 0 0 0.01 1 130 0 95
0.5998000089451672 0.719860006261617 0 0 0.01 1 130 0 100
0.5797900093924255 0.719860006261617 0 0 0.01 1 130 0 105
0.5597800098396838 0.719860006261617 0 0 0.01 1 130 0 110
0.5397700102869422 0.719860006261617 0 0 0.01 1 130 0 115
0.5197600107342005 0.719860006261617 0 0 0.01 1 130 0 120
0.4997500111814589 0.719860006261617 0 0 0.01 1 130 0 125
0.47974001162871727 0.719860006261617 0 0 0.01 1 130 0 130
0.45973001207597564 0.719860006261617 0 0 0.01 1 130 0 135
0.4397200125232339 0.719860006261617 0 0 0.01 1 130 0 140
0.41971001297049226 0.719860006261617 0 0 0.01 1 130 0 145
0.39970001341775063 0.719860006261617 0 0 0.01 1 130 0 150
0.379690013865009 0.719860006261617 0 0 0.01 1 130 0 155
0.35968001431226737 0.719860006261617 0 0 0.01 1 130 0 160
0.33967001475952574 0.719860006261617 0 0 0.01 1 130 0 165
0.3196600152067841 0.719860006261617 0 0 0.01 1 130 0 170
0.2996500156540425 0.719860006261617 0 0 0.01 1 130 0 175
0.27964001610130085 0.719860006261617 0 0 0.01 1 130 0 180
0.2596300165485591 0.719860006261617 0 0 0.01 1 130 0 185
0.23962001699581748 0.719860006261617 0 0 0.01 1 130 0 190
0.21961001744307584 0.719860006261617 0 0 0.01 1 130 0 195
0.1996000178903342 0.719860006261617 0 0 0.01 1 130 0 200
0.17959001833759258 0.719860006261617 0 0 0.01 1 130 0 205
0.15958001878485095 0.719860006261617 0 0 0.01 1 130 0 210
0.13957001923210932 0.719860006261617 0 0 0.01 1 130 0 215
0.11956001967936758 0.719860006261617 0 0 0.01 1 130 0 220
0.09955002012662595 0.719860006261617 0 0 0.01 1 130 0 225
0.07954002057388432 0.719860006261617 0 0 0.01 1 130 0 230
0.05953002102114269 0.719860006261617 0 0 0.01 1 130 0 235
0.039520021468401056 0.719860006261617 0 0 0.01 1 130 0 240
0.019510021915659426 0.719860006261617 0 0 0.01 1 130 0 245
0.9799900004472584 0.6998500067088753 0 0 0.01 1 130 0 5
0.9599800008945167 0.6998500067088753 0 0 0.01 1 130 0 10
0.9399700013417751 0.6998500067088753 0 0 0.01 1 130 0 15
0.9199600017890335 0.6998500067088753 0 0 0.01 1 130 0 20
0.8999500022362917 0.6998500067088753 0 0 0.01 1 130 0 25
0.8799400026835501 0.6998500067088753 0 0 0.01 1 130 0 30
0.8599300031308085 0.6998500067088753 0 0 0.01 1 130 0 35
0.8399200035780668 0.6998500067088753 0 0 0.01 1 130 0 40
0.8199100040253252 0.6998500067088753 0 0 0.01 1 130 0 45
0.7999000044725836 0.6998500067088753 0 0 0.01 1 130 0 50
0.7798900049198418 0.6998500067088753 0 0 0.01 1 130 0 55
0.7598800053671002 0.6998500067088753 0 0 0.01 1 130 0 60
0.7398700058143586 0.6998500067088753 0 0 0.01 1 130 0 65
0.719860006261617 0.6998500067088753 0 0 0.01 1 130 0 70
0.6998500067088753 0.6998500067088753 0 0 0.01 1 130 0 75
0.6798400071561337 0.6998500067088753 0 0 0.01 1 130 0 80
0.659830007603392 0.6998500067088753 0 0 0.01 1 130 0 85
0.6398200080506504 0.6998500067088753 0 0 0.01 1 130 0 90
0.6198100084979088 0.6998500067088753 0 0 0.01 1 130 0 95
0.5998000089451672 0.6998500067088753 0 0 0.01 1 130 0 100
0.5797900093924255 0.6998500067088753 0 0 0.01 1 130 0 105
0.5597800098396838 0.6998500067088753 0 0 0.01 1 130 0 110
0.5397700102869422 0.6998500067088753 0 0 0.01 1 130 0 115
0.5197600107342005 0.6998500067088753 0 0 0.01 1 130 0 120
0.4997500111814589 0.6998500067088753 0 0 0.01 1 130 0 125
0.47974001162871727 0.6998500067088753 0 0 0.01 1 130 0 130
0.45973001207597564 0.6998500067088753 0 0 0.01 1 130 0 135
0.4397200125232339 0.6998500067088753 0 0 0.01 1 130 0 140
0.41971001297049226 0.6998500067088753 0 0 0.01 1 130 0 145
0.39970001341775063 0.6998500067088753 0 0 0.01 1 130 0 150
0.379690013865009 0.6998500067088753 0 0 0.01 1 130 0 155
0.35968001431226737 0.6998500067088753 0 0 0.01 1 130 0 160
0.33967001475952574 0.6998500067088753 0 0 0.01 1 130 0 165
0.3196600152067841 0.6998500067088753 0 0 0.01 1 130 0 170
0.2996500156540425 0.6998500067088753 0 0 0.01 1 130 0 175
0.27964001610130085 0.6998500067088753 0 0 0.01 1 130 0 180
0.2596300165485591 0.6998500067088753 0 0 0.01 1 130 0 185
0.23962001699581748 0.6998500067088753 0 0 0.01 1 130 0 190
0.21961001744307584 0.6998500067088753 0 0 0.01 1 130 0 195
0.1996000178903342 0.6998500067088753 0 0 0.01 1 130 0 200
0.17959001833759258 0.6998500067088753 0 0 0.01 1 130 0 205
0.15958001878485095 0.6998500067088753 0 0 0.01 1 130 0 210
0.13957001923210932 0.6998500067088753 0 0 0.01 1 130 0 215
0.11956001967936758 0.6998500067088753 0 0 0.01 1 130 0 220
0.09955002012662595 0.6998500067088753 0 0 0.01 1 130 0 225
0.07954002057388432 0.6998500067088753 0 0 0.01 1 130 0 230
0.05953002102114269 0.6998500067088753 0 0 0.01 1 130 0 235
0.039520021468401056 0.6998500067088753 0 0 0.01 1 130 0 240
0.019510021915659426 0.6998500067088753 0 0 0.01 1 130 0 245
0.9799900004472584 0.6798400071561337 0 0 0.01 1 130 0 5
0.9599800008945167 0.6798400071561337 0 0 0.01 1 130 0 10
0.9399700013417751 0.6798400071561337 0 0 0.01 1 130 0 15
0.9199600017890335 0.6798400071561337 0 0 0.01 1 130 0 20
0.8999500022362917 0.6798400071561337 0 0 0.01 1 130 0 25
0.8799400026835501 0.6798400071561337 0 0 0.01 1 130 0 30
0.8599300031308085 0.6798400071561337 0 0 0.01 1 130 0 35
0.8399200035780668 0.6798400071561337 0 0 0.01 1 130 0 40
0.8199100040253252 0.6798400071561337 0 0 0.01 1 130 0 45
0.7999000044725836 0.6798400071561337 0 0 0.01 1 130 0 50
0.7798900049198418 0.6798400071561337 0 0 0.01 1 130 0 55
0.7598800053671002 0.6798400071561337 0 0 0.01 1 130 0 60
0.7398700058143586 0.6798400071561337 0 0 0.01 1 130 0 65
0.719860006261617 0.6798400071561337 0 0 0.01 1 130 0 70
0.6998500067088753 0.6798400071561337 0 0 0.01 1 130 0 75
0.6798400071561337 0.6798400071561337 0 0 0.01 1 130 0 80
0.659830007603392 0.6798400071561337 0 0 0.01 1 130 0 85
0.6398200080506504 0.6798400071561337 0 0 0.01 1 130 0 90
0.6198100084979088 0.6798400071561337 0 0 0.01 1 130 0 95
0.5998000089451672 0.6798400071561337 0 0 0.01 1 130 0 100
0.5797900093924255 0.6798400071561337 0 0 0.01 1 130 0 105
0.5597800098396838 0.6798400071561337 0 0 0.01 1 130 0 110
0.5397700102869422 0.6798400071561337 0 0 0.01 1 130 0 115
0.5197600107342005 0.6798400071561337 0 0 0.01 1 130 0 120
0.4997500111814589 0.6798400071561337 0 0 0.01 1 130 0 125
0.47974001162871727 0.6798400071561337 0 0 0.01 1 130 0 130
0.45973001207597564 0.6798400071561337 0 0 0.01 1 130 0 135
0.4397200125232339 0.6798400071561337 0 0 0.01 1 130 0 140
0.41971001297049226 0.6798400071561337 0 0 0.01 1 130 0 145
0.39970001341775063 0.6798400071561337 0 0 0.01 1 130 0 150
0.379690013865009 0.6798400071561337 0 0 0.01 1 130 0 155
0.35968001431226737 0.6798400071561337 0 0 0.01 1 130 0 160
0.33967001475952574 0.6798400071561337 0 0 0.01 1 130 0 165
0.3196600152067841 0.6798400071561337 0 0 0.01 1 130 0 170
0.2996500156540425 0.6798400071561337 0 0 0.01 1 130 0 175
0.27964001610130085 0.6798400071561337 0 0 0.01 1 130 0 180
0.2596300165485591 0.6798400071561337 0 0 0.01 1 130 0 185
0.23962001699581748 0.6798400071561337 0 0 0.01 1 130 0 190
0.21961001744307584 0.6798400071561337 0 0 0.01 1 130 0 195
0.1996000178903342 0.6798400071561337 0 0 0.01 1 130 0 200
0.17959001833759258 0.6798400071561337 0 0 0.01 1 130 0 205
0.15958001878485095 0.6798400071561337 0 0 0.01 1 130 0 210
0.13957001923210932 0.6798400071561337 0 0 0.01 1 130 0 215
0.11956001967936758 0.6798400071561337 0 0 0.01 1 130 0 220
0.09955002012662595 0.6798400071561337 0 0 0.01 1 130 0 225
0.07954002057388432 0.6798400071561337 0 0 0.01 1 130 0 230
0.05953002102114269 0.6798400071561337 0 0 0.01 1 130 0 235
0.039520021468401056 0.6798400071561337 0 0 0.01 1 130 0 240
0.019510021915659426 0.6798400071561337 0 0 0.01 1 130 0 245
0.9799900004472584 0.659830007603392 0 0 0.01 1 130 0 5
0.9599800008945167 0.659830007603392 0 0 0.01 1 130 0 10
0.9399700013417751 0.659830007603392 0 0 0.01 1 130 0 15
0.9199600017890335 0.659830007603392 0 0 0.01 1 130 0 20
0.8999500022362917 0.659830007603392 0 0 0.01 1 130 0 25
0.8799400026835501 0.659830007603392 0 0 0.01 1 130 0 30
0.8599300031308085 0.659830007603392 0 0 0.01 1 130 0 35
0.8399200035780668 0.659830007603392 0 0 0.01 1 130 0 40
0.8199100040253252 0.659830007603392 0 0 0.01 1 130 0 45
0.7999000044725836 0.659830007603392 0 0 0.01 1 130 0 50
0.7798900049198418 0.659830007603392 0 0 0.01 1 130 0 55
0.7598800053671002 0.659830007603392 0 0 0.01 1 130 0 60
0.7398700058143586 0.659830007603392 0 0 0.01 1 130 0 65
0.719860006261617 0.659830007603392 0 0 0.01 1 130 0 70
0.6998500067088753 0.659830007603392 0 0 0.01 1 130 0 75
0.6798400071561337 0.659830007603392 0 0 0.01 1 130 0 80
0.659830007603392 0.659830007603392 0 0 0.01 1 130 0 85
0.6398200080506504 0.659830007603392 0 0 0.01 1 130 0 90
0.6198100084979088 0.659830007603392 0 0 0.01 1 130 0 95
0.5998000089451672 0.659830007603392 0 0 0.01 1 130 0 100
0.5797900093924255 0.659830007603392 0 0 0.01 1 130 0 105
0.5597800098396838 0.659830007603392 0 0 0.01 1 130 0 110
0.5397700102869422 0.659830007603392 0 0 0.01 1 130 0 115
0.5197600107342005 0.659830007603392 0 0 0.01 1 130 0 120
0.4997500111814589 0.659830007603392 0 0 0.01 1 130 0 125
0.47974001162871727 0.659830007603392 0 0 0.01 1 130 0 130
0.45973001207597564 0.659830007603392 0 0 0.01 1 130 0 135
0.4397200125232339 0.659830007603392 0 0 0.01 1 130 0 140
0.41971001297049226 0.659830007603392 0 0 0.01 1 130 0 145
0.39970001341775063 0.659830007603392 0 0 0.01 1 130 0 150
0.379690013865009 0.659830007603392 0 0 0.01 1 130 0 155
0.35968001431226737 0.659830007603392 0 0 0.01 1 130 0 160
0.33967001475952574 0.659830007603392 0 0 0.01 1 130 0 165
0.3196600152067841 0.659830007603392 0 0 0.01 1 130 0 170
0.2996500156540425 0.659830007603392 0 0 0.01 1 130 0 175
0.27964001610130085 0.659830007603392 0 0 0.01 1 130 0 180
0.2596300165485591 0.659830007603392 0 0 0.01 1 130 0 185
0.23962001699581748 0.659830007603392 0 0 0.01 1 130 0 190
0.21961001744307584 0.659830007603392 0 0 0.01 1 130 0 195
0.1996000178903342 0.659830007603392 0 0 0.01 1 130 0 200
0.17959001833759258 0.659830007603392 0 0 0.01 1 130 0 205
0.15958001878485095 0.659830007603392 0 0 0.01 1 130 0 210
0.13957001923210932 0.659830007603392 0 0 0.01 1 130 0 215
0.11956001967936758 0.659830007603392 0 0 0.01 1 130 0 220
0.09955002012662595 0.659830007603392 0 0 0.01 1 130 0 225
0.07954002057388432 0.659830007603392 0 0 0.01 1 130 0 230
0.05953002102114269 0.659830007603392 0 0 0.01 1 130 0 235
0.039520021468401056 0.659830007603392 0 0 0.01 1 130 0 240
0.019510021915659426 0.659830007603392 0 0 0.01 1 130 0 245
0.9799900004472584 0.6398200080506504 0 0 0.01 1 130 0 5
0.9599800008945167 0.6398200080506504 0 0 0.01 1 130 0 10
0.9399700013417751 0.6398200080506504 0 0 0.01 1 130 0 15
0.9199600017890335 0.6398200080506504 0 0 0.01 1 130 0 20
0.8999500022362917 0.6398200080506504 0 0 0.01 1 130 0 25
0.8799400026835501 0.6398200080506504 0 0 0.01 1 130 0 30
0.8599300031308085 0.6398200080506504 0 0 0.01 1 130 0 35
0.8399200035780668 0.6398200080506504 0 0 0.01 1 130 0 40
0.8199100040253252 0.6398200080506504 0 0 0.01 1 130 0 45
0.7999000044725836 0.6398200080506504 0 0 0.01 1 130 0 50
0.7798900049198418 0.6398200080506504 0 0 0.01 1 130 0 55
0.7598800053671002 0.6398200080506504 0 0 0.01 1 130 0 60
0.7398700058143586 0.6398200080506504 0 0 0.01 1 130 0 65
0.719860006261617 0.6398200080506504 0 0 0.01 1 130 0 70
0.6998500067088753 0.6398200080506504 0 0 0.01 1 130 0 75
0.6798400071561337 0.6398200080506504 0 0 0.01 1 130 0 80
0.659830007603392 0.6398200080506504 0 0 0.01 1 130 0 85
0.6398200080506504 0.6398200080506504 0 0 0.01 1 130 0 90
0.6198100084979088 0.6398200080506504 0 0 0.01 1 130 0 95
0.5998000089451672 0.6398200080506504 0 0 0.01 1 130 0 100
0.5797900093924255 0.6398200080506504 0 0 0.01 1 130 0 105
0.5597800098396838 0.6398200080506504 0 0 0.01 1 130 0 110
0.5397700102869422 0.6398200080506504 0 0 0.01 1 130 0 115
0.5197600107342005 0.6398200080506504 0 0 0.01 1 130 0 120
0.4997500111814589 0.6398200080506504 0 0 0.01 1 130 0 125
0.47974001162871727 0.6398200080506504 0 0 0.01 1 130 0 130
0.45973001207597564 0.6398200080506504 0 0 0.01 1 130 0 135
0.4397200125232339 0.6398200080506504 0 0 0.01 1 130 0 140
0.41971001297049226 0.6398200080506504 0 0 0.01 1 130 0 145
0.39970001341775063 0.6398200080506504 0 0 0.01 1 130 0 150
0.379690013865009 0.6398200080506504 0 0 0.01 1 130 0 155
0.35968001431226737 0.6398200080506504 0 0 0.01 1 130 0 160
0.33967001475952574 0.6398200080506504 0 0 0.01 1 130 0 165
0.3196600152067841 0.6398200080506504 0 0 0.01 1 130 0 170
0.2996500156540425 0.6398200080506504 0 0 0.01 1 130 0 175
0.27964001610130085 0.6398200080506504 0 0 0.01 1 130 0 180
0.2596300165485591 0.6398200080506504 0 0 0.01 1 130 0 185
0.23962001699581748 0.6398200080506504 0 0 0.01 1 130 0 190
0.21961001744307584 0.6398200080506504 0 0 0.01 1 130 0 195
0.1996000178903342 0.6398200080506504 0 0 0.01 1 130 0 200
0.17959001833759258 0.6398200080506504 0 0 0.01 1 130 0 205
0.15958001878485095 0.6398200080506504 0 0 0.01 1 130 0 210
0.13957001923210932 0.6398200080506504 0 0 0.01 1 130 0 215
0.11956001967936758 0.6398200080506504 0 0 0.01 1 130 0 220
0.09955002012662595 0.6398200080506504 0 0 0.01 1 130 0 225
0.07954002057388432 0.6398200080506504 0 0 0.01 1 130 0 230
0.05953002102114269 0.6398200080506504 0 0 0.01 1 130 0 235
0.039520021468401056 0.6398200080506504 0 0 0.01 1 130 0 240
0.019510021915659426 0.6398200080506504 0 0 0.01 1 130 0 245
0.9799900004472584 0.6198100084979088 0 0 0.01 1 130 0 5
0.9599800008945167 0.6198100084979088 0 0 0.01 1 130 0 10
0.9399700013417751 0.6198100084979088 0 0 0.01 1 130 0 15
0.9199600017890335 0.6198100084979088 0 0 0.01 1 130 0 20
0.8999500022362917 0.6198100084979088 0 0 0.01 1 130 0 25
0.8799400026835501 0.6198100084979088 0 0 0.01 1 130 0 30
0.8599300031308085 0.6198100084979088 0 0 0.01 1 130 0 35
0.8399200035780668 0.6198100084979088 0 0 0.01 1 130 0 40
0.8199100040253252 0.6198100084979088 0 0 0.01 1 130 0 45
0.7999000044725836 0.6198100084979088 0 0 0.01 1 130 0 50
0.7798900049198418 0.6198100084979088 0 0 0.01 1 130 0 55
0.7598800053671002 0.6198100084979088 0 0 0.01 1 130 0 60
0.7398700058143586 0.6198100084979088 0 0 0.01 1 130 0 65
0.719860006261617 0.6198100084979088 0 0 0.01 1 130 0 70
0.6998500067088753 0.6198100084979088 0 0 0.01 1 130 0 75
0.6798400071561337 0.6198100084979088 0 0 0.01 1 130 0 80
0.659830007603392 0.6198100084979088 0 0 0.01 1 130 0 85
0.6398200080506504 0.6198100084979088 0 0 0.01 1 130 0 90
0.6198100084979088 0.6198100084979088 0 0 0.01 1 130 0 95
0.5998000089451672 0.6198100084979088 0 0 0.01 1 130 0 100
0.5797900093924255 0.6198100084979088 0 0 0.01 1 130 0 105
0.5597800098396838 0.6198100084979088 0 0 0.01 1 130 0 110
0.5397700102869422 0.6198100084979088 0 0 0.01 1 130 0 115
0.5197600107342005 0.6198100084979088 0 0 0.01 1 130 0 120
0.4997500111814589 0.6198100084979088 0 0 0.01 1 130 0 125
0.47974001162871727 0.6198100084979088 0 0 0.01 1 130 0 130
0.45973001207597564 0.6198100084979088 0 0 0.01 1 130 0 135
0.4397200125232339 0.6198100084979088 0 0 0.01 1 130 0 140
0.41971001297049226 0.6198100084979088 0 0 0.01 1 130 0 145
0.39970001341775063 0.6198100084979088 0 0 0.01 1 130 0 150
0.379690013865009 0.6198100084979088 0 0 0.01 1 130 0 155
0.35968001431226737 0.6198100084979088 0 0 0.01 1 130 0 160
0.33967001475952574 0.6198100084979088 0 0 0.01 1 130 0 165
0.3196600152067841 0.6198100084979088 0 0 0.01 1 130 0 170
0.2996500156540425 0.6198100084979088 0 0 0.01 1 130 0 175
0.27964001610130085 0.6198100084979088 0 0 0.01 1 130 0 180
0.2596300165485591 0.6198100084979088 0 0 0.01 1 130 0 185
0.23962001699581748 0.6198100084979088 0 0 0.01 1 130 0 190
0.21961001744307584 0.6198100084979088 0 0 0.01 1 130 0 195
0.1996000178903342 0.6198100084979088 0 0 0.01 1 130 0 200
0.17959001833759258 0.6198100084979088 0 0 0.01 1 130 0 205
0.15958001878485095 0.6198100084979088 0 0 0.01 1 130 0 210
0.13957001923210932 0.6198100084979088 0 0 0.01 1 130 0 215
0.11956001967936758 0.6198100084979088 0 0 0.01 1 130 0 220
0.09955002012662595 0.6198100084979088 0 0 0.01 1 130 0 225
0.07954002057388432 0.6198100084979088 0 0 0.01 1 130 0 230
0.05953002102114269 0.6198100084979088 0 0 0.01 1 130 0 235
0.039520021468401056 0.6198100084979088 0 0 0.01 1 130 0 240
0.019510021915659426 0.6198100084979088 0 0 0.01 1 130 0 245
0.9799900004472584 0.5998000089451672 0 0 0.01 1 130 0 5
0.9599800008945167 0.5998000089451672 0 0 0.01 1 130 0 10
0.9399700013417751 0.5998000089451672 0 0 0.01 1 130 0 15
0.9199600017890335 0.5998000089451672 0 0 0.01 1 130 0 20
0.8999500022362917 0.5998000089451672 0 0 0.01 1 130 0 25
0.8799400026835501 0.5998000089451672 0 0 0.01 1 130 0 30
0.8599300031308085 0.5998000089451672 0 0 0.01 1 130 0 35
0.8399200035780668 0.5998000089451672 0 0 0.01 1 130 0 40
0.8199100040253252 0.5998000089451672 0 0 0.01 1 130 0 45
0.7999000044725836 0.5998000089451672 0 0 0.01 1 130 0 50
0.7798900049198418 0.5998000089451672 0 0 0.01 1 130 0 55
0.7598800053671002 0.5998000089451672 0 0 0.01 1 130 0 60
0.7398700058143586 0.5998000089451672 0 0 0.01 1 130 0 65
0.719860006261617 0.5998000089451672 0 0 0.01 1 130 0 70
0.6998500067088753 0.5998000089451672 0 0 0.01 1 130 0 75
0.6798400071561337 0.5998000089451672 0 0 0.01 1 130 0 80
0.659830007603392 0.5998000089451672 0 0 0.01 1 130 0 85
0.6398200080506504 0.5998000089451672 0 0 0.01 1 130 0 90
0.6198100084979088 0.5998000089451672 0 0 0.01 1 130 0 95
0.5998000089451672 0.5998000089451672 0 0 0.01 1 130 0 100
0.5797900093924255 0.5998000089451672 0 0 0.01 1 130 0 105
0.5597800098396838 0.5998000089451672 0 0 0.01 1 130 0 110
0.5397700102869422 0.5998000089451672 0 0 0.01 1 130 0 115
0.5197600107342005 0.5998000089451672 0 0 0.01 1 130 0 120
0.4997500111814589 0.5998000089451672 0 0 0.01 1 130 0 125
0.47974001162871727 0.5998000089451672 0 0 0.01 1 130 0 130
0.45973001207597564 0.5998000089451672 0 0 0.01 1 130 0 135
0.4397200125232339 0.5998000089451672 0 0 0.01 1 130 0 140
0.41971001297049226 0.5998000089451672 0 0 0.01 1 130 0 145
0.39970001341775063 0.5998000089451672 0 0 0.01 1 130 0 150
0.379690013865009 0.5998000089451672 0 0 0.01 1 130 0 155
0.35968001431226737 0.5998000089451672 0 0 0.01 1 130 0 160
0.33967001475952574 0.5998000089451672 0 0 0.01 1 130 0 165
0.3196600152067841 0.5998000089451672 0 0 0.01 1 130 0 170
0.2996500156540425 0.5998000089451672 0 0 0.01 1 130 0 175
0.27964001610130085 0.5998000089451672 0 0 0.01 1 130 0 180
0.2596300165485591 0.5998000089451672 0 0 0.01 1 130 0 185
0.23962001699581748 0.5998000089451672 0 0 0.01 1 130 0 190
0.21961001744307584 0.5998000089451672 0 0 0.01 1 130 0 195
0.1996000178903342 0.5998000089451672 0 0 0.01 1 130 0 200
0.17959001833759258 0.5998000089451672 0 0 0.01 1 130 0 205
0.15958001878485095 0.5998000089451672 0 0 0.01 1 130 0 210
0.13957001923210932 0.5998000089451672 0 0 0.01 1 130 0 215
0.11956001967936758 0.5998000089451672 0 0 0.01 1 130 0 220
0.09955002012662595 0.5998000089451672 0 0 0.01 1 130 0 225
0.07954002057388432 0.5998000089451672 0 0 0.01 1 130 0 230
0.05953002102114269 0.5998000089451672 0 0 0.01 1 130 0 235
0.039520021468401056 0.5998000089451672 0 0 0.01 1 130 0 240
0.019510021915659426 0.5998000089451672 0 0 0.01 1 130 0 245
0.5 0.2 0 0.01 0.07 1000 0 200 200